27840
28659
28734
29527
29646
29693
29910
29936
29936
30002
30004
30004
30004
30004
30004
30004
30004
30004
30004
30004
30004
30004
30004
30004
30004
30004
30004
30004
30004
30004
30004
30004
30004
30004
30004
30004
30004
30004
30004
30004
30004
30004
30004
30004
30004
30004
30005
30005
30005
30005
30005
30005
30005
30005
30005
30005
30005
30005
30005
30005
30005
30005
30005
30005
30005
30005
30005
30005
30005
30006
30008
30008
30009
30009
30009
30009
30009
30009
30009
30009
30009
30009
30011
30011
30012
30015
30016
30017
30019
30019
30019
30019
30022
30022
30022
30022
30022
30022
30022
30022
30022
30022
30022
30022
30022
30022
30022
30022
30022
30022
30022
30022
30022
30022
30022
30022
30024
30024
30024
30024
30024
30024
30024
30024
30024
30024
30024
30024
30024
30024
30024
30024
30024
30024
30024
30024
30024
30024
30024
30024
30024
30024
30024
30024
30024
30024
30024
30024
30024
30024
30024
30024
30024
30024
30024
30024
30024
30024
30024
30024
30024
30024
30024
30024
30024
30024
30024
30024
30024
30024
30024
30024
30024
30024
30024
30024
30024
30024
30024
30028
30028
30028
30028
30028
30028
30028
30028
30028
30028
30028
30028
30028
30028
30028
30028
30028
30028
30028
30028
30028
30028
30028
30028
30028
30028
30028
30028
30028
30028
30028
30028
30028
30028
30028
30028
30028
30028
30028
30028
30028
30028
30028
30028
30028
30028
30028
30028
30028
30028
30028
30028
30028
30028
30028
30028
30028
30028
30028
30028
30028
30028
30028
30028
30028
30028
30028
30028
30028
30028
30028
30028
30028
30028
30028
30028
30028
30028
30028
30028
30028
30029
30029
30034
30039
30039
30039
30040
30040
30040
30040
30040
30040
30040
30040
30040
30040
30040
30040
30040
30040
30040
30040
30040
30040
30040
30040
30040
30040
30040
30040
30040
30040
30040
30040
30040
30040
30040
30040
30040
30040
30040
30040
30040
30040
30040
30040
30040
30040
30040
30040
30040
30040
30040
30040
30040
30040
30040
30040
30040
30040
30040
30040
30040
30040
30040
30040
30040
30040
30040
30040
30040
30040
30040
30040
30040
30040
30040
30040
30040
30040
30040
30040
30040
30040
30040
30040
30040
30040
30040
30040
30040
30040
30040
30040
30040
30040
30040
30040
30040
30040
30040
30040
30040
30040
30040
30040
30040
30040
30040
30040
30040
30040
30040
30040
30040
30040
30040
30040
30040
30040
30040
30040
30040
30040
30040
30040
30040
30040
30040
30040
30040
30040
30040
30040
30040
30040
30040
30040
30040
30040
30040
30040
30040
30040
30040
30040
30040
30040
30040
30040
30040
30040
30040
30040
30040
30040
30040
30040
30040
30040
30040
30040
30040
30040
30040
30040
30040
30040
30040
30040
30040
30040
30040
30040
30040
30040
30040
30040
30040
30040
30040
30040
30040
30040
30040
30040
30040
30040
30040
30040
30040
30040
30040
30040
30040
30040
30040
30040
30040
30040
30040
30040
30040
30040
30040
30040
30040
30040
30040
30040
30040
30040
30040
30040
30040
30040
30040
30040
30040
30040
30040
30040
30040
30040
30040
30040
30040
30040
30040
30040
30040
30040
30040
30040
30040
30040
30040
30040
30040
30040
30040
30040
30040
30040
30040
30040
30040
30040
30040
30040
30040
30040
30040
30040
30040
30040
30040
30040
30040
30040
30040
30040
30040
30040
30040
30040
30040
30040
30040
30040
30040
30040
30040
30040
30040
30040
30040
30040
30040
30040
30040
30040
30040
30040
30040
30040
30040
30041
30041
30041
30041
30041
30041
30041
30041
30041
30041
30041
30041
30041
30041
30041
30041
30041
30041
30041
30041
30041
30041
30041
30041
30041
30041
30041
30041
30041
30041
30041
30041
30041
30041
30041
30041
30041
30041
30041
30041
30041
30041
30041
30041
30041
30041
30041
30041
30041
30041
30041
30041
30041
30041
30041
30041
30041
30041
30041
30041
30041
30041
30041
30041
30041
30041
30041
30041
30041
30041
30041
30041
30041
30041
30041
30041
30041
30041
30041
30041
30041
30041
30041
30041
30041
30041
30041
30041
30041
30041
30041
30041
30041
30041
30041
30041
30041
30041
30041
30041
30041
30041
30041
30041
30041
30041
30041
30041
30041
30041
30041
30041
30041
30041
30041
30041
30041
30041
30041
30041
30041
30041
30041
30041
30041
30041
30041
30041
30041
30041
30041
30041
30041
30041
30041
30041
30041
30041
30041
30041
30041
30041
30041
30041
30041
30041
30041
30041
30041
30041
30041
30041
30041
30041
30041
30041
30041
30041
30041
30041
30041
30041
30041
30041
30041
30041
30041
30041
30041
30041
30041
30041
30041
30041
30041
30041
30041
30041
30041
30041
30041
30041
30041
30041
30041
30041
30041
30041
30041
30041
30041
30041
30041
30041
30041
30041
30041
30041
30041
30041
30041
30041
30041
30041
30041
30041
30041
30041
30041
30041
30041
30041
30041
30041
30041
30041
30041
30041
30041
30041
30041
30041
30041
30041
30041
30041
30041
30041
30041
30041
30041
30041
30041
30041
30041
30041
30041
30041
30041
30041
30041
30041
30041
30041
30041
30041
30041
30041
30041
30041
30042
30042
30043
30043
30043
30043
30043
30043
30043
30043
30043
30043
30043
30043
30044
30044
30044
30044
30044
30044
30044
30044
30045
30045
30045
30046
30046
30046
30047
30048
30052
30052
30052
30052
30056
30058
30058
30058
30058
30062
30062
30062
30062
30064
30064
30066
30066
30066
30066
30066
30066
30067
30067
30067
30071
30075
30075
30075
30075
30075
30075
30075
30075
30075
30075
30075
30075
30075
30075
30076
30076
30076
30076
30076
30076
30076
30076
30076
30076
30076
30076
30076
30080
30080
30080
30080
30082
30082
30082
30084
30087
30087
30087
30087
30092
30092
30092
30092
30092
30092
30093
30094
30096
30097
30097
30097
30097
30097
30097
30097
30097
30097
30097
30097
30097
30097
30099
30101
30101
30101
30102
30106
30107
30107
30107
30107
30107
30107
30113
30114
30114
30114
30114
30115
30115
30115
30115
30115
30115
30115
30115
30115
30115
30115
30115
30118
30127
30127
30132
30135
30138
30143
30143
30143
30143
30143
30143
30144
30152
30158
30158
30161
30165
30168
30183
30183
30187
30188
30188
30188
30188
30188
30188
30188
30188
30188
30188
30188
30188
30188
30188
30188
30189
30189
30189
30189
30214
30228
30239
30252
30252
30253
30273
30305
30305
30305
30306
30307
30310
30312
30316
30316
30318
30319
30319
30319
30324
30326
30328
30328
30328
30328
30331
30338
30339
30339
30339
30339
30339
30340
30341
30341
30341
30341
30341
30341
30342
30345
30350
30350
30350
30453
30467
30504
30506
30506
30506
30506
30506
30506
30506
30506
30506
30506
30506
30506
30506
30506
30506
30506
30506
30506
30506
30506
30506
30506
30506
30506
30506
30506
30506
30506
30506
30506
30506
30506
30513
30513
30513
30513
30517
30518
30518
30518
30518
30518
30518
30518
30518
30518
30518
30518
30518
30518
30518
30518
30518
30518
30518
30518
30518
30518
30518
30518
30518
30518
30518
30518
30518
30519
30519
30519
30519
30519
30519
30519
30519
30519
30519
30519
30524
30531
30533
30533
30533
30533
30533
30533
30534
30534
30534
30534
30534
30534
30534
30534
30534
30534
30534
30534
30534
30534
30534
30534
30534
30534
30534
30534
30534
30534
30534
30534
30534
30534
30534
30534
30534
30535
30540
30540
30542
30542
30542
30542
30542
30542
30542
30542
30542
30542
30546
30548
30548
30548
30549
30549
30549
30564
30566
30598
30605
30605
30606
30656
30702
30734
30802
30840
31061
31061
32259
32312
32765
32765
33426
33433
33444
33881
34104
35755
36264
36345
40431
41012
43441
44484
44895
45458
46142
48339
49009
49144
49456
77035
77040
78163
78163
78213
79902
80525
85288
92672