30318
30076
30189
30041
30004
49144
30040
30534
30040
30087
30605
30605
30041
30041
30041
30009
30564
30040
30004
30041
30040
30453
30041
30040
30305
30040
30531
30114
30041
30022
30041
30542
30024
30041
30040
30040
30076
30041
30019
30075
30043
30331
30041
30040
30040
30138
30041
30040
30080
30041
30004
30041
30041
30041
30040
30044
30040
30040
30040
30339
30097
30041
30040
30040
30028
30004
30028
30041
30022
30004
30040
30187
30040
30040
30040
30024
30028
30040
30041
30040
30319
30107
30028
30107
30028
30542
30028
30082
30506
30097
30040
30506
30040
30518
30350
30041
30339
30041
30040
30039
30009
30041
30004
30041
30024
30022
30076
30004
30115
30028
30041
30041
30041
30041
30040
30467
30028
30041
30004
30107
30041
30056
30024
30075
30041
30040
30598
30028
30040
30043
30005
30043
30024
30041
30041
30024
30840
30022
30040
30024
30041
30534
30115
30040
30533
30040
30040
30040
30006
30028
30040
30024
30028
30041
30115
30024
30040
30009
30534
30040
30028
30028
30028
30158
30040
30040
30040
30040
30005
30022
30076
30041
30041
30041
30341
30019
30028
30040
30024
30040
30052
30004
30535
30041
30097
29693
29527
30067
30015
30040
29910
30506
30040
30041
30188
30040
30518
30041
30028
30041
30040
30040
30011
30041
30041
30189
30340
30350
30518
30040
30252
30319
30024
30040
30518
30542
30542
30041
30041
30041
30024
30028
30041
30024
30041
30040
30040
30041
30022
30052
30040
30040
30040
30092
77040
30024
30004
30040
33881
30041
30040
48339
30043
30040
30041
30041
85288
30041
30606
30022
30518
30040
30341
30188
30041
30028
30028
30040
30513
30041
30004
30004
30702
30040
30041
30040
30506
30044
30542
78213
30066
79902
30028
30041
30734
30041
30028
36264
30506
30041
30028
46142
30041
30024
30044
30041
30040
30040
30041
30040
30024
30005
30188
30028
30542
30040
30041
30040
30028
30041
30041
30028
30004
30058
30097
30041
30041
30024
30041
30041
30549
30513
30041
30041
30024
30519
30040
30115
32259
30024
30040
30339
30028
30024
30041
30040
30005
30041
30024
30534
30028
30005
30040
30519
30005
30506
30041
30040
30506
30076
30024
30004
30064
30028
30040
30028
30097
30041
30041
30002
30040
30041
30024
30041
30092
30040
30044
30040
30075
30040
30004
33433
30506
30082
30041
30009
30005
30041
30040
30028
30040
30040
30040
30533
30350
30041
30009
30115
30041
33426
30534
30040
30028
30004
30040
30506
30328
30504
30316
30307
30328
30341
30041
30024
30328
30041
30028
30028
30004
30066
36345
30518
30534
30040
30549
30518
34104
29646
30188
30040
30028
30087
30519
30041
30041
30040
30165
30004
30506
30004
30040
30041
30041
30041
30102
30041
30041
30028
30188
30041
30046
30092
30506
30075
30518
30040
30022
30040
30040
30005
30041
30075
30093
30028
30040
30041
30041
30004
30041
30534
30518
30004
30096
30045
30017
30534
30519
30024
30028
30506
30041
30028
30028
30041
30534
30040
30114
30058
30028
30040
30022
30041
30040
30533
30040
30534
30040
30028
30009
30087
30040
35755
30041
30040
30188
30066
30005
30024
30041
30534
30040
30040
30041
30041
30039
30022
30041
30022
41012
30040
30042
30341
30040
30024
30041
30107
30101
30041
30022
30188
30028
30518
30066
30328
30062
33444
30040
30041
30040
30041
30040
30041
30548
30024
30040
30041
30041
30534
30028
30040
30506
30115
30041
30041
30519
30040
30092
30041
30024
77035
30041
30041
30005
30028
30028
27840
30040
30041
30028
30041
30040
30518
30004
30028
30004
30041
30518
30040
30040
45458
30319
30188
30024
30519
30041
30024
30041
30040
30043
30040
30041
30040
30028
30012
30080
30540
30152
30161
30189
30092
30041
30040
30028
32312
30022
30041
30040
30513
30040
30024
30041
30024
30534
30076
30075
30524
30075
30005
30076
30041
30143
30022
30534
30506
30115
30518
30040
30113
30041
30062
30041
30071
30041
30040
44895
30188
30106
30041
30040
30310
30024
30040
30041
30043
30028
30518
30034
30040
30041
30022
30253
30040
30041
30097
30040
30506
30040
30028
30040
30024
30028
30028
30028
30040
30028
30040
30024
30534
30028
30040
30041
30004
30518
30047
30041
30041
30534
30534
30040
30338
30044
30041
30040
30024
30040
30040
30075
30041
30041
30040
30075
30306
30080
30040
30041
30041
30143
30107
30101
30041
30506
30040
30041
30040
30115
30143
32765
30022
30566
30040
30040
30041
30041
30040
30542
30040
30040
30039
30040
30115
30028
30168
30101
30005
30097
30188
30041
30506
30534
30028
30040
30041
30045
30040
30533
30041
30024
30022
30040
30040
30326
30341
30040
30040
30040
30075
30016
30040
30040
30076
30506
30040
30040
30040
32765
30040
30041
30041
30076
30052
30041
30041
30518
30041
30005
30041
30004
30043
30024
30132
30506
30040
30041
30040
30040
30024
30024
30005
30094
30041
30041
30092
30273
30028
30019
30548
30040
30189
30041
30040
30534
30041
30041
30040
30043
30024
30802
30040
30022
30041
30339
30041
30040
30518
30024
30028
30041
30040
30040
30041
30542
30041
30188
30097
30041
30076
30040
30114
30040
30040
30041
30040
30040
30028
30041
30040
30009
30024
30144
30041
30005
30324
30183
49456
30024
30158
30004
30040
30041
30040
30040
30518
30041
30040
30534
30041
30040
30058
30040
30040
30041
30143
30115
30076
30024
30040
30028
30044
30040
30040
30040
30040
30506
30519
30316
30506
30040
30040
30040
30040
30518
30045
30339
30040
30043
30041
30028
30028
30046
30040
30041
30517
30041
30099
30656
30075
30041
30040
30040
30506
30115
30052
30041
30009
30041
30040
80525
30127
30044
30062
30115
30004
30058
30075
30188
30040
30041
30041
30518
30506
30252
30041
30041
30024
30040
30040
30041
30040
30040
30040
30040
30024
30043
30040
30005
30046
30549
30518
30041
30341
30024
30028
30008
30040
30041
30533
30040
30506
30041
30004
30022
30040
30040
30040
30040
30028
30041
30024
30041
30041
30040
30028
30041
30041
30041
30041
30040
30127
30040
30024
30024
30040
30024
30004
30066
30040
30042
30082
30041
30506
30040
30041
30004
30534
30040
30040
30004
30024
30022
30041
30534
30040
30040
30041
30040
30114
30028
30040
30040
30534
30534
30040
30040
30040
30534
30066
30041
30040
30519
30024
30239
30345
30028
30506
30506
30040
30041
30312
30028
49009
30040
30041
30546
30040
30040
30040
30040
30040
30040
30041
30028
44484
30040
30506
30028
30534
30097
30041
30040
30040
30028
30040
30040
30040
30040
40431
30009
30228
30040
30518
30542
30040
30041
30041
30041
30097
30024
30041
30080
30009
30041
30040
30041
30506
30183
30028
30040
30519
30040
30022
30041
30041
30040
30041
30040
30097
30118
30040
30040
30005
30040
30518
30041
30028
30004
30041
30305
30040
30188
30076
30040
30005
30540
30040
30041
30040
30005
30028
30004
30040
30040
30040
30022
30040
30188
30040
30028
30342
30040
30506
30513
30040
30041
30040
30040
30040
30067
30518
30041
30041
43441
30041
30028
78163
30022
30011
30041
30542
30041
30062
30041
30305
78163
30548
30040
30041
30043
30005
30041
30040
30041
28659
30143
30041
30040
30087
30040
30028
30097
30041
30075
30041
30041
30075
30518
30008
30041
30005
30040
30041
30019
30024
30040
92672
30143
30041
30040
30040
30041
30214
30041
30188
28734
30518
30519
30024
30041
30048
30041
30041
30040
30028
30024
30518
30041
30097
30024
30040
30064
30519
30040
30041
30506
30534
30022
30041
30004
30043
30040
30041
30024
30518
30041
30040
30024
29936
29936
30076
30040
30004
30044
30534
30506
30041
30040
30107
30041
30024
30040
30135
30004
30084
30041
30533
30041
30041
30040
31061
30041
30028
31061
30005
30029
30029
30005
30067
30041
30041
30534
